Depth	Ia	 Ib	Ic	IIa5	IIa6	IIb5	IIb6	IIc5	IIc6	IIIa5	IIIa6	IIIb5	IIIb6	IIIc5	IIIc6	percentTerrestrial
404	27	10.7	5.5	9.6	7.5	6.6	9.4	0.9	2.6	8.3	10.2	0.7	1.1	0	0	66.6
401	26.1	11.7	6.2	6.6	8.8	7	9.6	0.7	3.1	8.4	11.7	0	0	0	0	59.8
400	27	11.2	6	7.6	7.8	4.6	11.7	0.8	2.8	7.8	10.8	0.8	1.1	0	0	63.1
399	27.2	10.5	5.2	10.1	7.2	6.9	9.4	0.9	2.6	8.1	10.1	0.8	1.1	0	0	69.1
398	29.4	9.9	5	8.9	7.8	6.5	9.5	0.8	2.3	7.5	10.6	0.7	1	0	0	75.1
396	24.7	11.5	5.7	7.7	7.7	7	10.5	0.8	2.7	7.9	11.9	0.7	1.2	0	0	60.2
394	24.9	11.8	6.1	6	7.8	6.6	12.8	0.7	3	7.6	10	0.8	1.2	0.2	0.4	57.7
390	25.6	10.5	6.1	6.8	7.3	6.4	12.1	0.8	2.8	7.4	11.9	0.8	1.2	0.2	0.4	61.4
386	23.5	11.4	5.5	12.4	8.4	7.3	9.3	1	2.7	9	9.3	0	0	0	0	58.6
385	29.5	10.3	3.8	20	6.8	6	6.5	0	0	10.2	7	0	0	0	0	81.3
384	28.6	9.9	4	20	8.1	5.8	5.9	0	0	10.1	7.7	0	0	0	0	79.6
383	27	9.5	3.7	21.8	7.1	6.8	5.1	1.1	1.2	10	6.6	0	0	0	0	79.5
382	27.7	9.8	3.8	20.8	8.5	6.6	5.8	0	0	10	7	0	0	0	0	79.5
381	28.8	9	3.7	21.6	6.6	6	6.3	0.9	1.4	9	5.6	0.4	0.6	0	0	83.7
380	27.6	9.4	3.4	21.9	6.8	6.8	5.8	0.9	1.4	9.8	6.3	0	0	0	0	82.8
379	31.1	10.3	4	18.7	6.8	6	6.5	0	0	9.4	7.3	0	0	0	0	82.3
378	32.6	12.1	6.4	12.6	6.1	5.9	7.6	0.8	2.1	7.2	6.6	0	0	0	0	69.2
376	35.9	11.8	6	11.1	6.1	6	8.1	0.8	1.9	5.8	5.4	0.4	0.8	0	0	76.2
374	29.4	10.7	4.9	16.4	8	5.9	8.2	0	0	9.2	7.4	0	0	0	0	74.2
371	26.6	10.8	5.4	10.3	6.9	7	11.3	0.9	0	8.2	10.7	0.8	1.1	0	0	66.2
369	27.7	10.7	5.8	10.5	6.6	6.8	10.4	0.9	2.5	7	9.5	0.7	1	0	0	66.2
367	24.7	11.2	5.5	8.2	7.4	7.2	12.4	0.8	3.1	7	10.1	0.7	1.1	0.2	0.4	61.6
365	25.9	10.1	5.8	10.5	7.1	7.1	10.5	0.9	2.9	7.2	9.9	0.8	1.3	0	0	63.9
363	26.7	10.4	5	9.7	6.3	7.7	10.5	0.9	2.9	7.7	10.4	0.7	1.2	0	0	69.4
362	24.9	10.7	5.1	8.3	7.6	6.6	11.4	0.9	3.1	7.9	11.2	0.9	1.3	0	0	65
361	25.9	9.8	5.3	9.1	7.5	6.5	11.3	0.9	2.8	7.8	11	0.9	1.3	0	0	67.5
360	26.5	10.5	5.4	11	6.8	6.4	10.2	0.8	2.6	7.6	10.1	0.8	1.2	0	0	66.8
357	24.7	10.8	5.5	8.2	7.6	7.6	11.9	0.8	3.2	7.3	10.4	0.7	1.2	0	0	62
356	24.5	11.4	5.3	7.6	7.1	8	12.6	0.7	3.3	7.4	10.1	0.8	1.2	0	0	61.8
354	26	10.9	5.5	8.4	7.2	7.8	11.7	0.8	3	7	9.8	0.7	1.2	0	0	64.6
353	25	11	5.4	9	6.6	8.1	11.4	0.8	3.1	7.8	9.7	0.8	1.3	0	0	63.1
352	26.1	11.1	5.5	7.6	7.3	7.3	11.4	0.8	2.9	7.3	10.1	0.8	1.2	0.1	0.4	64.4
350	25.1	10.5	5.2	9.3	7	6.2	11.5	1	3	7.5	11.4	0.9	1.4	0	0	65.3
348	27	10.7	5.1	9.9	7	7	11.5	0.8	3.1	6.7	9.2	0.8	1.1	0	0	68.9
344	31.1	10.1	4.5	12.6	6.3	7.9	9.5	0.8	0	7.4	8.2	0.7	1	0	0	80.3
343	29.9	9.7	4.8	11	6.2	7.3	10.3	0.8	3	7.1	8.2	0.7	1.1	0	0	77.2
342	28.8	9.1	4.7	11.4	6.7	7.3	10.7	0.8	2.6	7.3	8.8	0.7	1	0	0	77.7
341	30.2	10	4.5	10.9	6.2	8	10.3	0.7	2.8	6.5	8.2	0.6	1	0	0	78.8
340	22.6	11.1	5.1	8.8	6.8	9.2	13.6	0.9	3.8	7.1	9	0.8	1.3	0	0	59.8
339	25.8	10.6	5.9	9.5	6.2	8.7	10.2	1	3	7.5	9.5	0.7	1.3	0	0	62.6
336	24.6	11.1	5.3	9	7.6	7.4	12	0.7	2.8	7.7	9.7	0.7	1.4	0	0	62.8
334	24.4	11.3	5.2	9.6	7.9	6.8	12.3	0.7	3	8.1	10.6	0	0	0	0	62.3
332	23.2	10.8	4.7	10.8	6.7	7.2	10.6	0.8	3.4	8.2	11.3	0.8	1.5	0	0	63.6
330	19.1	10.7	4.9	9.3	7.4	10.3	12.6	1	3.4	8.7	10.3	0.9	1.5	0	0	53.1
328	22.9	11.2	5.5	9.1	7	8	11.3	0.8	3.4	8.1	10.3	0.9	1.5	0	0	57.4
326	22.1	10.1	5.2	10	7.2	9.1	12.3	0.8	3.5	7.9	9.8	0.7	1.2	0	0	59.7
325	25	10.6	4.8	9.5	6.8	9	10.7	0.7	3.5	7.3	9.8	0.8	1.4	0	0	66.9
324	28.2	10.7	5.1	9.7	7.4	7.1	10.2	0.6	2.8	7.6	10.5	0	0	0	0	71.2
323	26.8	10.2	5	9.5	6.5	7.4	10.3	0.7	3.1	7.8	10.3	0.9	1.5	0	0	70.4
322	27.8	10.2	4.8	11.5	5.8	7.7	9.9	0.7	2.9	7.4	9.6	0.6	1.1	0	0	72.8
321	23.8	11.3	5.9	9.1	6.4	7.7	11.8	0.9	3.4	7.3	10	0.8	1.4	0	0	57.1
320	24.2	11	5.8	10.5	6.5	7.2	11.7	0.8	3.4	7.2	9.4	0.6	1	0.1	0.4	59.4
319	30.2	10.3	4.2	16.5	6	6.2	7.9	0.8	2.3	7.8	7.7	0	0	0	0	79.8
318	24.9	10.7	5.2	11.5	6.9	7.7	10.6	0.9	3.2	8.6	10.1	0	0	0	0	64.2
317	23.5	11.9	5.4	10	6.6	8.9	12.1	0.9	3.7	7.1	8.2	0.7	1.1	0	0	58.4
316	20.4	11.6	5.1	9.7	6.8	8.8	12.8	0.7	3.5	8.6	9.9	0.8	1.2	0	0	53.6
315	23.9	11.1	4.7	10.9	5.9	8.2	10.8	0.8	3	9.1	9.9	0.7	1	0	0	64.8
311	25.3	9.2	3.8	18.5	7.3	7.2	7.2	1	1.8	11	7.6	0	0	0	0	77
309	23.7	11.2	4.7	11.8	7.1	7.2	10.6	0.8	2.8	9.4	10.7	0	0	0	0	63.9
308	25.2	10.3	4.1	17.9	6.8	7.2	7	0.9	1.9	10	8.9	0	0	0	0	72.1
307	23	11.8	3.9	16.3	7.8	8.4	6.7	1	1.6	10.2	7.7	0.6	1.1	0	0	66.3
305	25	12.3	4	24.2	7.1	6.6	3.5	1.3	0.6	10	4.6	0.5	0.5	0	0	68.6
303	27	10.1	3.7	18.2	7.3	7.5	6.5	0.9	1.4	9.6	6.7	0.5	0.8	0	0	78.3
300	28.4	9.8	4.4	13.1	6.5	6.6	7.1	0.7	1.5	9.8	10.3	0.6	1.1	0	0	77.3
298	25.4	11.8	3.2	21.4	8.7	7.3	3.7	1.2	0.6	10.8	5.8	0	0	0	0	75.1
296	25.6	10.3	4.2	14.5	7.3	7.8	8.4	0.7	2.1	8.8	8.3	0.7	1.2	0	0	72.5
295	31.6	10.2	4.3	14.8	6.6	6.2	8.2	0.7	1.9	7.3	7	0.6	0.7	0	0	81.5
294	30.9	10.1	4	14.5	6.8	7	7.1	0.8	1.8	7.9	7.6	0.7	1	0	0	82.7
293	32.1	9.5	4	15.8	5.9	6.5	7.2	0.7	1.8	8	7	0.7	1	0	0	85.4
292	34	9.1	4.5	15.9	6.3	6.2	6.7	0.8	1.6	7.2	6.5	0.5	0.8	0	0	85.6
291	32.9	9.2	4.5	15.2	6.3	6.2	7.4	0.7	1.6	7.6	7	0.5	0.8	0	0	84.5
288	34.8	9.9	4.9	15	5.1	6.1	5.9	0.7	1.4	7.6	7.2	0.6	0.9	0	0	83
287	32.3	11.7	5.4	14.8	5.8	6.8	5.6	0.8	1.3	6.7	7.1	0.5	1	0	0	74.1
286	31.8	9.9	5.2	16.1	6.3	5.8	6.2	0.8	1.4	7.8	7.3	0.5	0.9	0	0	77.7
285	34.1	10.4	4.9	15.1	6.1	6.5	5.2	0.8	1.3	7.2	6.9	0.5	0.9	0	0	81.4
284	34	10.6	5.3	16	5.4	6.2	6.2	0.8	1.3	6.9	5.9	0.5	0.8	0	0	79
283	33.3	10	5.3	17	5	6.8	5.7	0.8	1.4	7	6.2	0.6	0.9	0	0	79.2
282	34.9	10.5	4.9	15.9	5.5	6.6	5.5	0.9	1.4	7	5.5	0.5	0.9	0	0	82.2
281	34.5	12.2	6.1	12.8	5.2	5.2	5.6	0.7	1.3	7.3	7	0.7	1.4	0	0	85.4
280	31.9	12.2	4.9	15.1	5.6	6.4	6.9	0.7	1.6	7.4	7.1	0	0	0	0	75.2
279	31.9	10.3	5.2	14.8	6.3	7	6.8	0.7	1.7	7.7	7.6	0	0	0	0	77.3
278	34	10.2	4.2	16.2	5.3	5.5	6.5	0.8	1.5	7.4	6.9	0.6	1	0	0	85.3
277	36.5	9.9	4.5	15.1	6.3	5.5	6.2	0.7	1.3	6.8	6.1	0.4	0.7	0	0	87.5
276	35.7	10.1	4.5	15.8	6	6.2	6.1	0.8	1.3	6.6	5.6	0.4	0.8	0	0	85.6
275	36.8	9.5	4.6	16.5	5.3	6.3	4.6	0.7	1.3	6.9	6.1	0.5	0.9	0	0	87.8
274	34.6	11.3	4.7	15.4	5.1	5.7	5.5	0.8	1.4	7.3	6.5	0.5	1	0	0	81.2
273	35.8	10.4	4.2	15.4	6.1	6.7	5.1	0.7	1.4	6.8	6	0.5	0.9	0	0	87
272	35	10.3	4.5	15.9	6.2	6	6.2	0.7	1.4	6.8	5.9	0.5	0.7	0	0	84.7
271	32.6	9.2	4.4	14.7	6.4	6.1	7.2	0.8	1.7	7.7	7.6	0.6	1.1	0	0	84.4
270	32.4	9.6	3.9	17.7	6.8	5.8	5.6	0.8	1.5	8	6.5	0.6	0.9	0	0	86
269	31.4	10.2	4.2	15.3	6.1	5.6	7.8	0.7	1.9	7.8	7.1	0.6	1.1	0	0	81.6
268	32.6	10.6	4.3	15	7	6.1	7.3	0.7	1.7	7.3	6.3	0.5	0.7	0	0	82.2
266	30.5	10.7	4.3	14.3	7	7.3	7.2	0.8	1.9	7.5	6.9	0.7	1	0	0	79
265	31.2	10.4	4.2	14.7	7.4	6.3	7.3	0.8	1.8	7.9	6.5	0.6	1	0	0	80.9
264	31.6	9.4	4.1	14.6	7.2	6.8	7.8	0.7	1.9	7.1	6.9	0.6	1	0.1	0.3	84.2
263	31	10.1	4.2	14.8	7.9	6.1	8.1	0.8	1.9	7.5	6.4	0.5	0.8	0	0	81.4
261	25.4	10.9	3.9	16.8	8.1	7.8	7.5	0.8	2.4	8.8	7.5	0	0	0	0	72.4
260	24.5	10.6	4.3	17.2	8.1	7.4	8.3	0.8	2.1	8.8	6.6	0.5	0.8	0	0	69.4
259	25.6	10.7	4.2	17.3	6.5	7.3	8.1	0.9	2	8.7	7.2	0.6	0.9	0	0	71.9
258	27.9	11	4.5	15.2	7.3	6.7	8.6	0.7	2.1	7.5	7	0.5	0.8	0	0	73.3
256	26.2	10.3	3.7	16.7	7.4	5.8	8.6	0.8	2	9	7.6	0.9	1	0	0	76.5
254	25.4	11.3	4.3	16.5	8.2	6.4	7.7	0.8	2.1	9.2	8.1	0	0	0	0	69.5
252	26.1	10.6	3.9	17	7	6.2	9.7	0.9	2.5	8.7	7.6	0	0	0	0	74.3
250	23.2	10.2	4.1	19.4	6.8	6.8	9.1	0.8	2.4	8.9	6.8	0.5	0.9	0	0	68.9
246	23.5	12.5	5.3	17.5	7.7	8.5	7	1.1	2.2	8.9	5.9	0	0	0	0	58
245	24.4	10.9	4.1	19.4	6.2	9.9	6.8	1.3	2.3	8.9	5.8	0	0	0	0	69.5
240	34.5	8.2	3.8	20.4	7.2	5.4	4	0.8	0.9	8.9	4.7	0.5	0.6	0	0	92.1
235	26.1	9.8	3.5	23.2	7.3	8.1	5.2	1.1	1.4	9.3	4.9	0	0	0	0	78.5
232	27.4	10.8	3.7	19.3	7.3	9.4	5.1	1	1.7	9.1	5.2	0	0	0	0	77.6
225	25.7	10.3	3.5	21	7.9	8.5	5.5	1.1	1.5	9.7	5.3	0	0	0	0	76.8
219	27.2	10.5	4	21.3	6.9	6.6	5.4	1	1.7	10.2	5.3	0	0	0	0	76.2
216	20	9.9	2.8	23.6	9.2	8.9	4.2	1.5	0.7	11.9	5.6	0.7	0.8	0.2	0.2	70.9
211	26.9	10.3	4.6	20.4	6.3	7	6.5	1	1.7	9.3	5.9	0	0	0	0	72.2
205	28.1	10.4	3.8	22.1	7	7	5.3	1.1	1.4	8.7	5.2	0	0	0	0	79
200	28.8	9.8	3.6	22	6.7	7.2	4.6	1	1.2	9.2	5.8	0	0	0	0	82.2
197	29.8	10.6	4.2	20.9	6.8	5.5	5.7	0.9	1.2	9.1	5.5	0	0	0	0	78.8
195	30.7	11.3	4.5	15.9	7.8	5.4	5.9	0.8	1.4	9.3	7.1	0	0	0	0	77.4
194	28.7	12	4.7	17.9	7.5	5.5	6.2	0.7	1.8	8.9	6.1	0	0	0	0	72
192	30.8	11.2	4.2	19.6	7.8	5.3	5.3	0.8	1.4	8.2	5.2	0	0	0	0	79
190	34.7	8.4	3.2	20.4	7.7	5	4.4	0.8	1	8.7	5.7	0	0	0	0	95.2
186	36.5	8.2	3.6	20.2	6.6	4.7	4.3	0.8	1	7.7	5.3	0.5	0.7	0	0	95.7
185	37.1	8.4	3.6	18.9	8.2	4.4	5	0.7	1	7.2	4.5	0.4	0.6	0	0	95.3
184	35	7.7	3.1	21.9	7	4.5	3.8	0.8	0.7	8.7	5.3	0.5	0.7	0.1	0	97.9
183	34	7.7	3	21.4	8.8	4.7	4.3	0.8	0.8	8.2	5	0.4	0.6	0.1	0.1	97.2
182	35.6	7.8	3.2	21.3	8	4.8	4.6	0.8	1	7.3	4.2	0.4	0.6	0.1	0.2	97.4
181	42.6	6.1	2.4	24.1	6.1	3.8	2.1	1.1	0.4	7.8	3.5	0	0	0	0	100
178	38.4	7	2.9	24.7	7.3	4.1	2.4	1	0.4	7.7	4	0	0	0	0	100
176	28.4	10.9	3.4	25.7	6.5	6.6	2.6	1.3	0.4	9.4	4.1	0.3	0.3	0	0	80.3
172	33.4	8.1	2.3	23.6	7.8	4.7	2.9	0.9	0.4	10.1	5.8	0	0	0	0	99.9
170	35.3	7.7	2.4	24.7	6.9	4.7	2.9	0.9	0.4	9.7	4.5	0	0	0	0	100
167	35.6	7.4	2.2	25.6	6.6	4.4	2.5	0.9	0.3	9	4.6	0.5	0.5	0	0	100
166	30.4	7.7	2.5	24.7	8.2	5.3	3.2	1	0.4	10.7	6	0	0	0	0	96.1
164	33.5	7.8	2.6	25.8	6.8	4.7	2.5	0.9	0.5	9.4	5.4	0	0	0	0	98.7
163	34.2	8.4	2.3	21.9	7.5	5	2.9	1.2	0	11.3	5.3	0	0	0	0	99.9
162	34.2	7.4	1.8	22.9	7.8	4.5	3.5	0.8	0.3	9.1	6.2	0.5	0.8	0.1	0	100
161	36.5	7	2.2	24.5	6.8	4.6	2.7	0.9	0.3	8.8	5.6	0	0	0	0	100
160	33.9	7.4	1.9	26.4	7.8	4.3	3	0.8	0.3	9	4.1	0.4	0.5	0.1	0.1	100
159	35.2	7.7	2.1	24.2	6.8	3.9	3.2	0.7	0.3	9.1	5.6	0.5	0.8	0	0	100
158	34.2	6.9	2.1	24.3	7.6	5	3.5	0.9	0.3	8.5	5.4	0.5	0.6	0.1	0.1	100
156	39.1	8.4	2.4	20.4	6.7	3.8	2.7	0.7	0.2	8.7	6	0.3	0.5	0	0	100
154	44.1	6.1	2.3	24.7	4.8	2.8	1.4	0.7	0.1	9.7	2.8	0.4	0.2	0	0	100
152	29.4	7.7	2.7	24.2	7.3	5.7	3.5	1	0.5	10.3	6.2	0.6	0.7	0.2	0	93.5
150	25.3	11.4	3.8	23.3	7	8.1	2.9	2	0.4	9.5	5	0.6	0.6	0.2	0	72.2
149	31.5	7.3	2.4	25.9	8.6	4.8	3.3	0.8	0.4	9.3	4.6	0.4	0.5	0.1	0.1	99.6
147	31.2	7.3	2.4	22.8	9.1	5	3.6	1	0.4	9.8	5.9	0.6	0.7	0.2	0.2	99.2
145	35.7	7.4	2.6	22.6	7.3	4.2	2.6	0.8	0.3	10.3	5.3	0.4	0.5	0	0	100
144	33.7	6.9	2.3	26.3	6.7	4.7	2.2	1	0.3	9.4	5.2	0.5	0.7	0.1	0	100
143	33.5	7.4	2.6	24.1	7.8	5.2	3.2	1	0.4	8.6	5.1	0.4	0.5	0.1	0.1	100
140	31.2	7.8	2.6	26.7	6.6	5.4	3.2	1	0.4	9.1	4.8	0.5	0.5	0.1	0.1	96.7
139	27.4	7.5	2.3	25.8	8.1	5.7	3.2	1.1	0.3	10.9	6.3	0.6	0.8	0.2	0	94.9
138	35	7.3	2.6	25.4	6.4	4.9	2.6	1	0.3	8.5	4.8	0.4	0.6	0.1	0	100
137	36.1	7	2.4	23.9	6.5	4.5	2.6	0.8	0.5	9.7	4.9	0.5	0.6	0	0	100
136	39.7	8.1	3.2	20.8	5.9	4.5	2.2	0.8	0	9.5	4.5	0.4	0.4	0	0	100